41 | 0 2 28
41 | 0 2 29
40 | 0 3 28
40 | 0 3 29
43 | 0 4 26
43 | 0 4 27
42 | 0 5 26
42 | 0 5 27
20 | 0 8 18
21 | 0 8 19
14 | 0 8 22
15 | 0 8 23
22 | 0 9 18
23 | 0 9 19
14 | 0 9 20
15 | 0 9 21
20 | 0 10 16
22 | 0 10 17
12 | 0 10 21
13 | 0 10 23
21 | 0 11 16
23 | 0 11 17
12 | 0 11 20
13 | 0 11 22
33 | 0 12 38
33 | 0 12 39
32 | 0 13 38
32 | 0 13 39
35 | 0 14 36
35 | 0 14 37
34 | 0 15 36
34 | 0 15 37
4 | 0 16 22
5 | 0 16 23
4 | 0 17 20
5 | 0 17 21
2 | 0 18 21
3 | 0 18 23
2 | 0 19 20
3 | 0 19 22
43 | 0 20 26
41 | 0 20 28
35 | 0 20 36
33 | 0 20 38
42 | 0 21 26
41 | 0 21 29
34 | 0 21 36
33 | 0 21 39
43 | 0 22 27
40 | 0 22 28
35 | 0 22 37
32 | 0 22 38
42 | 0 23 27
40 | 0 23 29
34 | 0 23 37
32 | 0 23 39
37 | 1 2 28
37 | 1 2 29
36 | 1 3 28
36 | 1 3 29
39 | 1 4 26
39 | 1 4 27
38 | 1 5 26
38 | 1 5 27
20 | 1 8 14
21 | 1 8 15
18 | 1 8 22
19 | 1 8 23
22 | 1 9 14
23 | 1 9 15
18 | 1 9 20
19 | 1 9 21
20 | 1 10 12
22 | 1 10 13
16 | 1 10 21
17 | 1 10 23
21 | 1 11 12
23 | 1 11 13
16 | 1 11 20
17 | 1 11 22
4 | 1 12 22
5 | 1 12 23
4 | 1 13 20
5 | 1 13 21
2 | 1 14 21
3 | 1 14 23
2 | 1 15 20
3 | 1 15 22
33 | 1 16 42
33 | 1 16 43
32 | 1 17 42
32 | 1 17 43
35 | 1 18 40
35 | 1 18 41
34 | 1 19 40
34 | 1 19 41
39 | 1 20 26
37 | 1 20 28
35 | 1 20 40
33 | 1 20 42
38 | 1 21 26
37 | 1 21 29
34 | 1 21 40
33 | 1 21 43
39 | 1 22 27
36 | 1 22 28
35 | 1 22 41
32 | 1 22 42
38 | 1 23 27
36 | 1 23 29
34 | 1 23 41
32 | 1 23 43
47 | 2 4 24
47 | 2 4 25
46 | 2 5 24
46 | 2 5 25
20 | 2 6 18
21 | 2 6 19
14 | 2 6 22
15 | 2 6 23
20 | 2 7 14
21 | 2 7 15
18 | 2 7 22
19 | 2 7 23
14 | 2 10 13
12 | 2 10 15
18 | 2 10 17
16 | 2 10 19
15 | 2 11 13
12 | 2 11 14
19 | 2 11 17
16 | 2 11 18
31 | 2 12 44
31 | 2 12 45
4 | 2 13 18
5 | 2 13 19
4 | 2 14 17
0 | 2 14 23
47 | 2 14 24
41 | 2 14 28
35 | 2 14 36
31 | 2 14 44
5 | 2 15 17
0 | 2 15 22
46 | 2 15 24
41 | 2 15 29
34 | 2 15 36
31 | 2 15 45
30 | 2 16 44
30 | 2 16 45
1 | 2 18 23
47 | 2 18 25
37 | 2 18 28
35 | 2 18 40
30 | 2 18 44
1 | 2 19 22
46 | 2 19 25
37 | 2 19 29
34 | 2 19 40
30 | 2 19 45
35 | 2 20 36
35 | 2 20 40
34 | 2 21 36
34 | 2 21 40
45 | 3 4 24
45 | 3 4 25
44 | 3 5 24
44 | 3 5 25
22 | 3 6 18
23 | 3 6 19
14 | 3 6 20
15 | 3 6 21
22 | 3 7 14
23 | 3 7 15
18 | 3 7 20
19 | 3 7 21
14 | 3 10 12
13 | 3 10 15
18 | 3 10 16
17 | 3 10 19
15 | 3 11 12
13 | 3 11 14
19 | 3 11 16
17 | 3 11 18
4 | 3 12 18
5 | 3 12 19
31 | 3 13 46
31 | 3 13 47
4 | 3 14 16
0 | 3 14 21
45 | 3 14 24
40 | 3 14 28
35 | 3 14 37
31 | 3 14 46
5 | 3 15 16
0 | 3 15 20
44 | 3 15 24
40 | 3 15 29
34 | 3 15 37
31 | 3 15 47
30 | 3 17 46
30 | 3 17 47
1 | 3 18 21
45 | 3 18 25
36 | 3 18 28
35 | 3 18 41
30 | 3 18 46
1 | 3 19 20
44 | 3 19 25
36 | 3 19 29
34 | 3 19 41
30 | 3 19 47
35 | 3 22 37
35 | 3 22 41
34 | 3 23 37
34 | 3 23 41
20 | 4 6 16
22 | 4 6 17
12 | 4 6 21
13 | 4 6 23
20 | 4 7 12
22 | 4 7 13
16 | 4 7 21
17 | 4 7 23
14 | 4 8 13
12 | 4 8 15
18 | 4 8 17
16 | 4 8 19
14 | 4 9 12
13 | 4 9 15
18 | 4 9 16
17 | 4 9 19
2 | 4 12 19
0 | 4 12 23
47 | 4 12 24
43 | 4 12 26
33 | 4 12 38
31 | 4 12 44
3 | 4 13 19
0 | 4 13 21
45 | 4 13 24
43 | 4 13 27
32 | 4 13 38
31 | 4 13 46
31 | 4 14 44
31 | 4 14 46
2 | 4 15 16
3 | 4 15 17
1 | 4 16 23
47 | 4 16 25
39 | 4 16 26
33 | 4 16 42
30 | 4 16 44
1 | 4 17 21
45 | 4 17 25
39 | 4 17 27
32 | 4 17 42
30 | 4 17 46
30 | 4 18 44
30 | 4 18 46
33 | 4 20 38
33 | 4 20 42
32 | 4 22 38
32 | 4 22 42
21 | 5 6 16
23 | 5 6 17
12 | 5 6 20
13 | 5 6 22
21 | 5 7 12
23 | 5 7 13
16 | 5 7 20
17 | 5 7 22
15 | 5 8 13
12 | 5 8 14
19 | 5 8 17
16 | 5 8 18
15 | 5 9 12
13 | 5 9 14
19 | 5 9 16
17 | 5 9 18
2 | 5 12 18
0 | 5 12 22
46 | 5 12 24
42 | 5 12 26
33 | 5 12 39
31 | 5 12 45
3 | 5 13 18
0 | 5 13 20
44 | 5 13 24
42 | 5 13 27
32 | 5 13 39
31 | 5 13 47
2 | 5 14 16
3 | 5 14 17
31 | 5 15 45
31 | 5 15 47
1 | 5 16 22
46 | 5 16 25
38 | 5 16 26
33 | 5 16 43
30 | 5 16 45
1 | 5 17 20
44 | 5 17 25
38 | 5 17 27
32 | 5 17 43
30 | 5 17 47
30 | 5 19 45
30 | 5 19 47
33 | 5 21 39
33 | 5 21 43
32 | 5 23 39
32 | 5 23 43
41 | 6 8 34
41 | 6 8 35
40 | 6 9 34
40 | 6 9 35
43 | 6 10 32
43 | 6 10 33
42 | 6 11 32
42 | 6 11 33
27 | 6 12 38
27 | 6 12 39
26 | 6 13 38
26 | 6 13 39
29 | 6 14 36
29 | 6 14 37
28 | 6 15 36
28 | 6 15 37
10 | 6 16 22
11 | 6 16 23
10 | 6 17 20
11 | 6 17 21
8 | 6 18 21
9 | 6 18 23
8 | 6 19 20
9 | 6 19 22
43 | 6 20 32
41 | 6 20 34
29 | 6 20 36
27 | 6 20 38
42 | 6 21 32
41 | 6 21 35
28 | 6 21 36
27 | 6 21 39
43 | 6 22 33
40 | 6 22 34
29 | 6 22 37
26 | 6 22 38
42 | 6 23 33
40 | 6 23 35
28 | 6 23 37
26 | 6 23 39
37 | 7 8 34
37 | 7 8 35
36 | 7 9 34
36 | 7 9 35
39 | 7 10 32
39 | 7 10 33
38 | 7 11 32
38 | 7 11 33
10 | 7 12 22
11 | 7 12 23
10 | 7 13 20
11 | 7 13 21
8 | 7 14 21
9 | 7 14 23
8 | 7 15 20
9 | 7 15 22
27 | 7 16 42
27 | 7 16 43
26 | 7 17 42
26 | 7 17 43
29 | 7 18 40
29 | 7 18 41
28 | 7 19 40
28 | 7 19 41
39 | 7 20 32
37 | 7 20 34
29 | 7 20 40
27 | 7 20 42
38 | 7 21 32
37 | 7 21 35
28 | 7 21 40
27 | 7 21 43
39 | 7 22 33
36 | 7 22 34
29 | 7 22 41
26 | 7 22 42
38 | 7 23 33
36 | 7 23 35
28 | 7 23 41
26 | 7 23 43
47 | 8 10 30
47 | 8 10 31
46 | 8 11 30
46 | 8 11 31
25 | 8 12 44
25 | 8 12 45
10 | 8 13 18
11 | 8 13 19
10 | 8 14 17
6 | 8 14 23
47 | 8 14 30
41 | 8 14 34
29 | 8 14 36
25 | 8 14 44
11 | 8 15 17
6 | 8 15 22
46 | 8 15 30
41 | 8 15 35
28 | 8 15 36
25 | 8 15 45
24 | 8 16 44
24 | 8 16 45
7 | 8 18 23
47 | 8 18 31
37 | 8 18 34
29 | 8 18 40
24 | 8 18 44
7 | 8 19 22
46 | 8 19 31
37 | 8 19 35
28 | 8 19 40
24 | 8 19 45
29 | 8 20 36
29 | 8 20 40
28 | 8 21 36
28 | 8 21 40
45 | 9 10 30
45 | 9 10 31
44 | 9 11 30
44 | 9 11 31
10 | 9 12 18
11 | 9 12 19
25 | 9 13 46
25 | 9 13 47
10 | 9 14 16
6 | 9 14 21
45 | 9 14 30
40 | 9 14 34
29 | 9 14 37
25 | 9 14 46
11 | 9 15 16
6 | 9 15 20
44 | 9 15 30
40 | 9 15 35
28 | 9 15 37
25 | 9 15 47
24 | 9 17 46
24 | 9 17 47
7 | 9 18 21
45 | 9 18 31
36 | 9 18 34
29 | 9 18 41
24 | 9 18 46
7 | 9 19 20
44 | 9 19 31
36 | 9 19 35
28 | 9 19 41
24 | 9 19 47
29 | 9 22 37
29 | 9 22 41
28 | 9 23 37
28 | 9 23 41
8 | 10 12 19
6 | 10 12 23
47 | 10 12 30
43 | 10 12 32
27 | 10 12 38
25 | 10 12 44
9 | 10 13 19
6 | 10 13 21
45 | 10 13 30
43 | 10 13 33
26 | 10 13 38
25 | 10 13 46
25 | 10 14 44
25 | 10 14 46
8 | 10 15 16
9 | 10 15 17
7 | 10 16 23
47 | 10 16 31
39 | 10 16 32
27 | 10 16 42
24 | 10 16 44
7 | 10 17 21
45 | 10 17 31
39 | 10 17 33
26 | 10 17 42
24 | 10 17 46
24 | 10 18 44
24 | 10 18 46
27 | 10 20 38
27 | 10 20 42
26 | 10 22 38
26 | 10 22 42
8 | 11 12 18
6 | 11 12 22
46 | 11 12 30
42 | 11 12 32
27 | 11 12 39
25 | 11 12 45
9 | 11 13 18
6 | 11 13 20
44 | 11 13 30
42 | 11 13 33
26 | 11 13 39
25 | 11 13 47
8 | 11 14 16
9 | 11 14 17
25 | 11 15 45
25 | 11 15 47
7 | 11 16 22
46 | 11 16 31
38 | 11 16 32
27 | 11 16 43
24 | 11 16 45
7 | 11 17 20
44 | 11 17 31
38 | 11 17 33
26 | 11 17 43
24 | 11 17 47
24 | 11 19 45
24 | 11 19 47
27 | 11 21 39
27 | 11 21 43
26 | 11 23 39
26 | 11 23 43
47 | 12 14 24
47 | 12 14 30
46 | 12 15 24
46 | 12 15 30
43 | 12 20 26
43 | 12 20 32
42 | 12 21 26
42 | 12 21 32
45 | 13 14 24
45 | 13 14 30
44 | 13 15 24
44 | 13 15 30
43 | 13 22 27
43 | 13 22 33
42 | 13 23 27
42 | 13 23 33
41 | 14 20 28
41 | 14 20 34
40 | 14 22 28
40 | 14 22 34
41 | 15 21 29
41 | 15 21 35
40 | 15 23 29
40 | 15 23 35
47 | 16 18 25
47 | 16 18 31
46 | 16 19 25
46 | 16 19 31
39 | 16 20 26
39 | 16 20 32
38 | 16 21 26
38 | 16 21 32
45 | 17 18 25
45 | 17 18 31
44 | 17 19 25
44 | 17 19 31
39 | 17 22 27
39 | 17 22 33
38 | 17 23 27
38 | 17 23 33
37 | 18 20 28
37 | 18 20 34
36 | 18 22 28
36 | 18 22 34
37 | 19 21 29
37 | 19 21 35
36 | 19 23 29
36 | 19 23 35
