term_count 3
class_count 24
statement_count 72

[class_members]
0 : 0 25 33
1 : 1 24 37
2 : 2 27 41
3 : 3 26 45
4 : 4 29 32
5 : 5 28 36
6 : 6 31 40
7 : 7 30 44
8 : 8 35 43
9 : 9 34 47
10 : 10 39 42
11 : 11 38 46
12 : 12 49 57
13 : 13 48 61
14 : 14 51 65
15 : 15 50 69
16 : 16 53 56
17 : 17 52 60
18 : 18 55 64
19 : 19 54 68
20 : 20 59 67
21 : 21 58 71
22 : 22 63 66
23 : 23 62 70

[statements]
0 : 1 0 0 1 0
1 : 1 0 0 1 1
2 : 1 0 0 2 0
3 : 1 0 0 2 1
4 : 1 0 1 1 0
5 : 1 0 1 1 1
6 : 1 0 1 2 0
7 : 1 0 1 2 1
8 : 1 1 0 2 0
9 : 1 1 0 2 1
10 : 1 1 1 2 0
11 : 1 1 1 2 1
12 : 2 0 0 1 0
13 : 2 0 0 1 1
14 : 2 0 0 2 0
15 : 2 0 0 2 1
16 : 2 0 1 1 0
17 : 2 0 1 1 1
18 : 2 0 1 2 0
19 : 2 0 1 2 1
20 : 2 1 0 2 0
21 : 2 1 0 2 1
22 : 2 1 1 2 0
23 : 2 1 1 2 1
24 : 0 0 0 1 0
25 : 0 0 0 1 1
26 : 0 0 0 2 0
27 : 0 0 0 2 1
28 : 0 0 1 1 0
29 : 0 0 1 1 1
30 : 0 0 1 2 0
31 : 0 0 1 2 1
32 : 0 1 0 0 0
33 : 0 1 0 0 1
34 : 0 1 0 2 0
35 : 0 1 0 2 1
36 : 0 1 1 0 0
37 : 0 1 1 0 1
38 : 0 1 1 2 0
39 : 0 1 1 2 1
40 : 0 2 0 0 0
41 : 0 2 0 0 1
42 : 0 2 0 1 0
43 : 0 2 0 1 1
44 : 0 2 1 0 0
45 : 0 2 1 0 1
46 : 0 2 1 1 0
47 : 0 2 1 1 1
48 : 3 0 0 1 0
49 : 3 0 0 1 1
50 : 3 0 0 2 0
51 : 3 0 0 2 1
52 : 3 0 1 1 0
53 : 3 0 1 1 1
54 : 3 0 1 2 0
55 : 3 0 1 2 1
56 : 3 1 0 0 0
57 : 3 1 0 0 1
58 : 3 1 0 2 0
59 : 3 1 0 2 1
60 : 3 1 1 0 0
61 : 3 1 1 0 1
62 : 3 1 1 2 0
63 : 3 1 1 2 1
64 : 3 2 0 0 0
65 : 3 2 0 0 1
66 : 3 2 0 1 0
67 : 3 2 0 1 1
68 : 3 2 1 0 0
69 : 3 2 1 0 1
70 : 3 2 1 1 0
71 : 3 2 1 1 1

