term_count 4
class_count 48
statement_count 144

[class_members]
0 : 0 49 61
1 : 1 48 67
2 : 2 51 73
3 : 3 50 79
4 : 4 53 85
5 : 5 52 91
6 : 6 55 60
7 : 7 54 66
8 : 8 57 72
9 : 9 56 78
10 : 10 59 84
11 : 11 58 90
12 : 12 63 75
13 : 13 62 81
14 : 14 65 87
15 : 15 64 93
16 : 16 69 74
17 : 17 68 80
18 : 18 71 86
19 : 19 70 92
20 : 20 77 89
21 : 21 76 95
22 : 22 83 88
23 : 23 82 94
24 : 24 97 109
25 : 25 96 115
26 : 26 99 121
27 : 27 98 127
28 : 28 101 133
29 : 29 100 139
30 : 30 103 108
31 : 31 102 114
32 : 32 105 120
33 : 33 104 126
34 : 34 107 132
35 : 35 106 138
36 : 36 111 123
37 : 37 110 129
38 : 38 113 135
39 : 39 112 141
40 : 40 117 122
41 : 41 116 128
42 : 42 119 134
43 : 43 118 140
44 : 44 125 137
45 : 45 124 143
46 : 46 131 136
47 : 47 130 142

[statements]
0 : 1 0 0 1 0
1 : 1 0 0 1 1
2 : 1 0 0 2 0
3 : 1 0 0 2 1
4 : 1 0 0 3 0
5 : 1 0 0 3 1
6 : 1 0 1 1 0
7 : 1 0 1 1 1
8 : 1 0 1 2 0
9 : 1 0 1 2 1
10 : 1 0 1 3 0
11 : 1 0 1 3 1
12 : 1 1 0 2 0
13 : 1 1 0 2 1
14 : 1 1 0 3 0
15 : 1 1 0 3 1
16 : 1 1 1 2 0
17 : 1 1 1 2 1
18 : 1 1 1 3 0
19 : 1 1 1 3 1
20 : 1 2 0 3 0
21 : 1 2 0 3 1
22 : 1 2 1 3 0
23 : 1 2 1 3 1
24 : 2 0 0 1 0
25 : 2 0 0 1 1
26 : 2 0 0 2 0
27 : 2 0 0 2 1
28 : 2 0 0 3 0
29 : 2 0 0 3 1
30 : 2 0 1 1 0
31 : 2 0 1 1 1
32 : 2 0 1 2 0
33 : 2 0 1 2 1
34 : 2 0 1 3 0
35 : 2 0 1 3 1
36 : 2 1 0 2 0
37 : 2 1 0 2 1
38 : 2 1 0 3 0
39 : 2 1 0 3 1
40 : 2 1 1 2 0
41 : 2 1 1 2 1
42 : 2 1 1 3 0
43 : 2 1 1 3 1
44 : 2 2 0 3 0
45 : 2 2 0 3 1
46 : 2 2 1 3 0
47 : 2 2 1 3 1
48 : 0 0 0 1 0
49 : 0 0 0 1 1
50 : 0 0 0 2 0
51 : 0 0 0 2 1
52 : 0 0 0 3 0
53 : 0 0 0 3 1
54 : 0 0 1 1 0
55 : 0 0 1 1 1
56 : 0 0 1 2 0
57 : 0 0 1 2 1
58 : 0 0 1 3 0
59 : 0 0 1 3 1
60 : 0 1 0 0 0
61 : 0 1 0 0 1
62 : 0 1 0 2 0
63 : 0 1 0 2 1
64 : 0 1 0 3 0
65 : 0 1 0 3 1
66 : 0 1 1 0 0
67 : 0 1 1 0 1
68 : 0 1 1 2 0
69 : 0 1 1 2 1
70 : 0 1 1 3 0
71 : 0 1 1 3 1
72 : 0 2 0 0 0
73 : 0 2 0 0 1
74 : 0 2 0 1 0
75 : 0 2 0 1 1
76 : 0 2 0 3 0
77 : 0 2 0 3 1
78 : 0 2 1 0 0
79 : 0 2 1 0 1
80 : 0 2 1 1 0
81 : 0 2 1 1 1
82 : 0 2 1 3 0
83 : 0 2 1 3 1
84 : 0 3 0 0 0
85 : 0 3 0 0 1
86 : 0 3 0 1 0
87 : 0 3 0 1 1
88 : 0 3 0 2 0
89 : 0 3 0 2 1
90 : 0 3 1 0 0
91 : 0 3 1 0 1
92 : 0 3 1 1 0
93 : 0 3 1 1 1
94 : 0 3 1 2 0
95 : 0 3 1 2 1
96 : 3 0 0 1 0
97 : 3 0 0 1 1
98 : 3 0 0 2 0
99 : 3 0 0 2 1
100 : 3 0 0 3 0
101 : 3 0 0 3 1
102 : 3 0 1 1 0
103 : 3 0 1 1 1
104 : 3 0 1 2 0
105 : 3 0 1 2 1
106 : 3 0 1 3 0
107 : 3 0 1 3 1
108 : 3 1 0 0 0
109 : 3 1 0 0 1
110 : 3 1 0 2 0
111 : 3 1 0 2 1
112 : 3 1 0 3 0
113 : 3 1 0 3 1
114 : 3 1 1 0 0
115 : 3 1 1 0 1
116 : 3 1 1 2 0
117 : 3 1 1 2 1
118 : 3 1 1 3 0
119 : 3 1 1 3 1
120 : 3 2 0 0 0
121 : 3 2 0 0 1
122 : 3 2 0 1 0
123 : 3 2 0 1 1
124 : 3 2 0 3 0
125 : 3 2 0 3 1
126 : 3 2 1 0 0
127 : 3 2 1 0 1
128 : 3 2 1 1 0
129 : 3 2 1 1 1
130 : 3 2 1 3 0
131 : 3 2 1 3 1
132 : 3 3 0 0 0
133 : 3 3 0 0 1
134 : 3 3 0 1 0
135 : 3 3 0 1 1
136 : 3 3 0 2 0
137 : 3 3 0 2 1
138 : 3 3 1 0 0
139 : 3 3 1 0 1
140 : 3 3 1 1 0
141 : 3 3 1 1 1
142 : 3 3 1 2 0
143 : 3 3 1 2 1

