term_count 8
class_count 224
statement_count 672

[class_members]
0 : 0 225 253
1 : 1 224 267
2 : 2 227 281
3 : 3 226 295
4 : 4 229 309
5 : 5 228 323
6 : 6 231 337
7 : 7 230 351
8 : 8 233 365
9 : 9 232 379
10 : 10 235 393
11 : 11 234 407
12 : 12 237 421
13 : 13 236 435
14 : 14 239 252
15 : 15 238 266
16 : 16 241 280
17 : 17 240 294
18 : 18 243 308
19 : 19 242 322
20 : 20 245 336
21 : 21 244 350
22 : 22 247 364
23 : 23 246 378
24 : 24 249 392
25 : 25 248 406
26 : 26 251 420
27 : 27 250 434
28 : 28 255 283
29 : 29 254 297
30 : 30 257 311
31 : 31 256 325
32 : 32 259 339
33 : 33 258 353
34 : 34 261 367
35 : 35 260 381
36 : 36 263 395
37 : 37 262 409
38 : 38 265 423
39 : 39 264 437
40 : 40 269 282
41 : 41 268 296
42 : 42 271 310
43 : 43 270 324
44 : 44 273 338
45 : 45 272 352
46 : 46 275 366
47 : 47 274 380
48 : 48 277 394
49 : 49 276 408
50 : 50 279 422
51 : 51 278 436
52 : 52 285 313
53 : 53 284 327
54 : 54 287 341
55 : 55 286 355
56 : 56 289 369
57 : 57 288 383
58 : 58 291 397
59 : 59 290 411
60 : 60 293 425
61 : 61 292 439
62 : 62 299 312
63 : 63 298 326
64 : 64 301 340
65 : 65 300 354
66 : 66 303 368
67 : 67 302 382
68 : 68 305 396
69 : 69 304 410
70 : 70 307 424
71 : 71 306 438
72 : 72 315 343
73 : 73 314 357
74 : 74 317 371
75 : 75 316 385
76 : 76 319 399
77 : 77 318 413
78 : 78 321 427
79 : 79 320 441
80 : 80 329 342
81 : 81 328 356
82 : 82 331 370
83 : 83 330 384
84 : 84 333 398
85 : 85 332 412
86 : 86 335 426
87 : 87 334 440
88 : 88 345 373
89 : 89 344 387
90 : 90 347 401
91 : 91 346 415
92 : 92 349 429
93 : 93 348 443
94 : 94 359 372
95 : 95 358 386
96 : 96 361 400
97 : 97 360 414
98 : 98 363 428
99 : 99 362 442
100 : 100 375 403
101 : 101 374 417
102 : 102 377 431
103 : 103 376 445
104 : 104 389 402
105 : 105 388 416
106 : 106 391 430
107 : 107 390 444
108 : 108 405 433
109 : 109 404 447
110 : 110 419 432
111 : 111 418 446
112 : 112 449 477
113 : 113 448 491
114 : 114 451 505
115 : 115 450 519
116 : 116 453 533
117 : 117 452 547
118 : 118 455 561
119 : 119 454 575
120 : 120 457 589
121 : 121 456 603
122 : 122 459 617
123 : 123 458 631
124 : 124 461 645
125 : 125 460 659
126 : 126 463 476
127 : 127 462 490
128 : 128 465 504
129 : 129 464 518
130 : 130 467 532
131 : 131 466 546
132 : 132 469 560
133 : 133 468 574
134 : 134 471 588
135 : 135 470 602
136 : 136 473 616
137 : 137 472 630
138 : 138 475 644
139 : 139 474 658
140 : 140 479 507
141 : 141 478 521
142 : 142 481 535
143 : 143 480 549
144 : 144 483 563
145 : 145 482 577
146 : 146 485 591
147 : 147 484 605
148 : 148 487 619
149 : 149 486 633
150 : 150 489 647
151 : 151 488 661
152 : 152 493 506
153 : 153 492 520
154 : 154 495 534
155 : 155 494 548
156 : 156 497 562
157 : 157 496 576
158 : 158 499 590
159 : 159 498 604
160 : 160 501 618
161 : 161 500 632
162 : 162 503 646
163 : 163 502 660
164 : 164 509 537
165 : 165 508 551
166 : 166 511 565
167 : 167 510 579
168 : 168 513 593
169 : 169 512 607
170 : 170 515 621
171 : 171 514 635
172 : 172 517 649
173 : 173 516 663
174 : 174 523 536
175 : 175 522 550
176 : 176 525 564
177 : 177 524 578
178 : 178 527 592
179 : 179 526 606
180 : 180 529 620
181 : 181 528 634
182 : 182 531 648
183 : 183 530 662
184 : 184 539 567
185 : 185 538 581
186 : 186 541 595
187 : 187 540 609
188 : 188 543 623
189 : 189 542 637
190 : 190 545 651
191 : 191 544 665
192 : 192 553 566
193 : 193 552 580
194 : 194 555 594
195 : 195 554 608
196 : 196 557 622
197 : 197 556 636
198 : 198 559 650
199 : 199 558 664
200 : 200 569 597
201 : 201 568 611
202 : 202 571 625
203 : 203 570 639
204 : 204 573 653
205 : 205 572 667
206 : 206 583 596
207 : 207 582 610
208 : 208 585 624
209 : 209 584 638
210 : 210 587 652
211 : 211 586 666
212 : 212 599 627
213 : 213 598 641
214 : 214 601 655
215 : 215 600 669
216 : 216 613 626
217 : 217 612 640
218 : 218 615 654
219 : 219 614 668
220 : 220 629 657
221 : 221 628 671
222 : 222 643 656
223 : 223 642 670

[statements]
0 : 1 0 0 1 0
1 : 1 0 0 1 1
2 : 1 0 0 2 0
3 : 1 0 0 2 1
4 : 1 0 0 3 0
5 : 1 0 0 3 1
6 : 1 0 0 4 0
7 : 1 0 0 4 1
8 : 1 0 0 5 0
9 : 1 0 0 5 1
10 : 1 0 0 6 0
11 : 1 0 0 6 1
12 : 1 0 0 7 0
13 : 1 0 0 7 1
14 : 1 0 1 1 0
15 : 1 0 1 1 1
16 : 1 0 1 2 0
17 : 1 0 1 2 1
18 : 1 0 1 3 0
19 : 1 0 1 3 1
20 : 1 0 1 4 0
21 : 1 0 1 4 1
22 : 1 0 1 5 0
23 : 1 0 1 5 1
24 : 1 0 1 6 0
25 : 1 0 1 6 1
26 : 1 0 1 7 0
27 : 1 0 1 7 1
28 : 1 1 0 2 0
29 : 1 1 0 2 1
30 : 1 1 0 3 0
31 : 1 1 0 3 1
32 : 1 1 0 4 0
33 : 1 1 0 4 1
34 : 1 1 0 5 0
35 : 1 1 0 5 1
36 : 1 1 0 6 0
37 : 1 1 0 6 1
38 : 1 1 0 7 0
39 : 1 1 0 7 1
40 : 1 1 1 2 0
41 : 1 1 1 2 1
42 : 1 1 1 3 0
43 : 1 1 1 3 1
44 : 1 1 1 4 0
45 : 1 1 1 4 1
46 : 1 1 1 5 0
47 : 1 1 1 5 1
48 : 1 1 1 6 0
49 : 1 1 1 6 1
50 : 1 1 1 7 0
51 : 1 1 1 7 1
52 : 1 2 0 3 0
53 : 1 2 0 3 1
54 : 1 2 0 4 0
55 : 1 2 0 4 1
56 : 1 2 0 5 0
57 : 1 2 0 5 1
58 : 1 2 0 6 0
59 : 1 2 0 6 1
60 : 1 2 0 7 0
61 : 1 2 0 7 1
62 : 1 2 1 3 0
63 : 1 2 1 3 1
64 : 1 2 1 4 0
65 : 1 2 1 4 1
66 : 1 2 1 5 0
67 : 1 2 1 5 1
68 : 1 2 1 6 0
69 : 1 2 1 6 1
70 : 1 2 1 7 0
71 : 1 2 1 7 1
72 : 1 3 0 4 0
73 : 1 3 0 4 1
74 : 1 3 0 5 0
75 : 1 3 0 5 1
76 : 1 3 0 6 0
77 : 1 3 0 6 1
78 : 1 3 0 7 0
79 : 1 3 0 7 1
80 : 1 3 1 4 0
81 : 1 3 1 4 1
82 : 1 3 1 5 0
83 : 1 3 1 5 1
84 : 1 3 1 6 0
85 : 1 3 1 6 1
86 : 1 3 1 7 0
87 : 1 3 1 7 1
88 : 1 4 0 5 0
89 : 1 4 0 5 1
90 : 1 4 0 6 0
91 : 1 4 0 6 1
92 : 1 4 0 7 0
93 : 1 4 0 7 1
94 : 1 4 1 5 0
95 : 1 4 1 5 1
96 : 1 4 1 6 0
97 : 1 4 1 6 1
98 : 1 4 1 7 0
99 : 1 4 1 7 1
100 : 1 5 0 6 0
101 : 1 5 0 6 1
102 : 1 5 0 7 0
103 : 1 5 0 7 1
104 : 1 5 1 6 0
105 : 1 5 1 6 1
106 : 1 5 1 7 0
107 : 1 5 1 7 1
108 : 1 6 0 7 0
109 : 1 6 0 7 1
110 : 1 6 1 7 0
111 : 1 6 1 7 1
112 : 2 0 0 1 0
113 : 2 0 0 1 1
114 : 2 0 0 2 0
115 : 2 0 0 2 1
116 : 2 0 0 3 0
117 : 2 0 0 3 1
118 : 2 0 0 4 0
119 : 2 0 0 4 1
120 : 2 0 0 5 0
121 : 2 0 0 5 1
122 : 2 0 0 6 0
123 : 2 0 0 6 1
124 : 2 0 0 7 0
125 : 2 0 0 7 1
126 : 2 0 1 1 0
127 : 2 0 1 1 1
128 : 2 0 1 2 0
129 : 2 0 1 2 1
130 : 2 0 1 3 0
131 : 2 0 1 3 1
132 : 2 0 1 4 0
133 : 2 0 1 4 1
134 : 2 0 1 5 0
135 : 2 0 1 5 1
136 : 2 0 1 6 0
137 : 2 0 1 6 1
138 : 2 0 1 7 0
139 : 2 0 1 7 1
140 : 2 1 0 2 0
141 : 2 1 0 2 1
142 : 2 1 0 3 0
143 : 2 1 0 3 1
144 : 2 1 0 4 0
145 : 2 1 0 4 1
146 : 2 1 0 5 0
147 : 2 1 0 5 1
148 : 2 1 0 6 0
149 : 2 1 0 6 1
150 : 2 1 0 7 0
151 : 2 1 0 7 1
152 : 2 1 1 2 0
153 : 2 1 1 2 1
154 : 2 1 1 3 0
155 : 2 1 1 3 1
156 : 2 1 1 4 0
157 : 2 1 1 4 1
158 : 2 1 1 5 0
159 : 2 1 1 5 1
160 : 2 1 1 6 0
161 : 2 1 1 6 1
162 : 2 1 1 7 0
163 : 2 1 1 7 1
164 : 2 2 0 3 0
165 : 2 2 0 3 1
166 : 2 2 0 4 0
167 : 2 2 0 4 1
168 : 2 2 0 5 0
169 : 2 2 0 5 1
170 : 2 2 0 6 0
171 : 2 2 0 6 1
172 : 2 2 0 7 0
173 : 2 2 0 7 1
174 : 2 2 1 3 0
175 : 2 2 1 3 1
176 : 2 2 1 4 0
177 : 2 2 1 4 1
178 : 2 2 1 5 0
179 : 2 2 1 5 1
180 : 2 2 1 6 0
181 : 2 2 1 6 1
182 : 2 2 1 7 0
183 : 2 2 1 7 1
184 : 2 3 0 4 0
185 : 2 3 0 4 1
186 : 2 3 0 5 0
187 : 2 3 0 5 1
188 : 2 3 0 6 0
189 : 2 3 0 6 1
190 : 2 3 0 7 0
191 : 2 3 0 7 1
192 : 2 3 1 4 0
193 : 2 3 1 4 1
194 : 2 3 1 5 0
195 : 2 3 1 5 1
196 : 2 3 1 6 0
197 : 2 3 1 6 1
198 : 2 3 1 7 0
199 : 2 3 1 7 1
200 : 2 4 0 5 0
201 : 2 4 0 5 1
202 : 2 4 0 6 0
203 : 2 4 0 6 1
204 : 2 4 0 7 0
205 : 2 4 0 7 1
206 : 2 4 1 5 0
207 : 2 4 1 5 1
208 : 2 4 1 6 0
209 : 2 4 1 6 1
210 : 2 4 1 7 0
211 : 2 4 1 7 1
212 : 2 5 0 6 0
213 : 2 5 0 6 1
214 : 2 5 0 7 0
215 : 2 5 0 7 1
216 : 2 5 1 6 0
217 : 2 5 1 6 1
218 : 2 5 1 7 0
219 : 2 5 1 7 1
220 : 2 6 0 7 0
221 : 2 6 0 7 1
222 : 2 6 1 7 0
223 : 2 6 1 7 1
224 : 0 0 0 1 0
225 : 0 0 0 1 1
226 : 0 0 0 2 0
227 : 0 0 0 2 1
228 : 0 0 0 3 0
229 : 0 0 0 3 1
230 : 0 0 0 4 0
231 : 0 0 0 4 1
232 : 0 0 0 5 0
233 : 0 0 0 5 1
234 : 0 0 0 6 0
235 : 0 0 0 6 1
236 : 0 0 0 7 0
237 : 0 0 0 7 1
238 : 0 0 1 1 0
239 : 0 0 1 1 1
240 : 0 0 1 2 0
241 : 0 0 1 2 1
242 : 0 0 1 3 0
243 : 0 0 1 3 1
244 : 0 0 1 4 0
245 : 0 0 1 4 1
246 : 0 0 1 5 0
247 : 0 0 1 5 1
248 : 0 0 1 6 0
249 : 0 0 1 6 1
250 : 0 0 1 7 0
251 : 0 0 1 7 1
252 : 0 1 0 0 0
253 : 0 1 0 0 1
254 : 0 1 0 2 0
255 : 0 1 0 2 1
256 : 0 1 0 3 0
257 : 0 1 0 3 1
258 : 0 1 0 4 0
259 : 0 1 0 4 1
260 : 0 1 0 5 0
261 : 0 1 0 5 1
262 : 0 1 0 6 0
263 : 0 1 0 6 1
264 : 0 1 0 7 0
265 : 0 1 0 7 1
266 : 0 1 1 0 0
267 : 0 1 1 0 1
268 : 0 1 1 2 0
269 : 0 1 1 2 1
270 : 0 1 1 3 0
271 : 0 1 1 3 1
272 : 0 1 1 4 0
273 : 0 1 1 4 1
274 : 0 1 1 5 0
275 : 0 1 1 5 1
276 : 0 1 1 6 0
277 : 0 1 1 6 1
278 : 0 1 1 7 0
279 : 0 1 1 7 1
280 : 0 2 0 0 0
281 : 0 2 0 0 1
282 : 0 2 0 1 0
283 : 0 2 0 1 1
284 : 0 2 0 3 0
285 : 0 2 0 3 1
286 : 0 2 0 4 0
287 : 0 2 0 4 1
288 : 0 2 0 5 0
289 : 0 2 0 5 1
290 : 0 2 0 6 0
291 : 0 2 0 6 1
292 : 0 2 0 7 0
293 : 0 2 0 7 1
294 : 0 2 1 0 0
295 : 0 2 1 0 1
296 : 0 2 1 1 0
297 : 0 2 1 1 1
298 : 0 2 1 3 0
299 : 0 2 1 3 1
300 : 0 2 1 4 0
301 : 0 2 1 4 1
302 : 0 2 1 5 0
303 : 0 2 1 5 1
304 : 0 2 1 6 0
305 : 0 2 1 6 1
306 : 0 2 1 7 0
307 : 0 2 1 7 1
308 : 0 3 0 0 0
309 : 0 3 0 0 1
310 : 0 3 0 1 0
311 : 0 3 0 1 1
312 : 0 3 0 2 0
313 : 0 3 0 2 1
314 : 0 3 0 4 0
315 : 0 3 0 4 1
316 : 0 3 0 5 0
317 : 0 3 0 5 1
318 : 0 3 0 6 0
319 : 0 3 0 6 1
320 : 0 3 0 7 0
321 : 0 3 0 7 1
322 : 0 3 1 0 0
323 : 0 3 1 0 1
324 : 0 3 1 1 0
325 : 0 3 1 1 1
326 : 0 3 1 2 0
327 : 0 3 1 2 1
328 : 0 3 1 4 0
329 : 0 3 1 4 1
330 : 0 3 1 5 0
331 : 0 3 1 5 1
332 : 0 3 1 6 0
333 : 0 3 1 6 1
334 : 0 3 1 7 0
335 : 0 3 1 7 1
336 : 0 4 0 0 0
337 : 0 4 0 0 1
338 : 0 4 0 1 0
339 : 0 4 0 1 1
340 : 0 4 0 2 0
341 : 0 4 0 2 1
342 : 0 4 0 3 0
343 : 0 4 0 3 1
344 : 0 4 0 5 0
345 : 0 4 0 5 1
346 : 0 4 0 6 0
347 : 0 4 0 6 1
348 : 0 4 0 7 0
349 : 0 4 0 7 1
350 : 0 4 1 0 0
351 : 0 4 1 0 1
352 : 0 4 1 1 0
353 : 0 4 1 1 1
354 : 0 4 1 2 0
355 : 0 4 1 2 1
356 : 0 4 1 3 0
357 : 0 4 1 3 1
358 : 0 4 1 5 0
359 : 0 4 1 5 1
360 : 0 4 1 6 0
361 : 0 4 1 6 1
362 : 0 4 1 7 0
363 : 0 4 1 7 1
364 : 0 5 0 0 0
365 : 0 5 0 0 1
366 : 0 5 0 1 0
367 : 0 5 0 1 1
368 : 0 5 0 2 0
369 : 0 5 0 2 1
370 : 0 5 0 3 0
371 : 0 5 0 3 1
372 : 0 5 0 4 0
373 : 0 5 0 4 1
374 : 0 5 0 6 0
375 : 0 5 0 6 1
376 : 0 5 0 7 0
377 : 0 5 0 7 1
378 : 0 5 1 0 0
379 : 0 5 1 0 1
380 : 0 5 1 1 0
381 : 0 5 1 1 1
382 : 0 5 1 2 0
383 : 0 5 1 2 1
384 : 0 5 1 3 0
385 : 0 5 1 3 1
386 : 0 5 1 4 0
387 : 0 5 1 4 1
388 : 0 5 1 6 0
389 : 0 5 1 6 1
390 : 0 5 1 7 0
391 : 0 5 1 7 1
392 : 0 6 0 0 0
393 : 0 6 0 0 1
394 : 0 6 0 1 0
395 : 0 6 0 1 1
396 : 0 6 0 2 0
397 : 0 6 0 2 1
398 : 0 6 0 3 0
399 : 0 6 0 3 1
400 : 0 6 0 4 0
401 : 0 6 0 4 1
402 : 0 6 0 5 0
403 : 0 6 0 5 1
404 : 0 6 0 7 0
405 : 0 6 0 7 1
406 : 0 6 1 0 0
407 : 0 6 1 0 1
408 : 0 6 1 1 0
409 : 0 6 1 1 1
410 : 0 6 1 2 0
411 : 0 6 1 2 1
412 : 0 6 1 3 0
413 : 0 6 1 3 1
414 : 0 6 1 4 0
415 : 0 6 1 4 1
416 : 0 6 1 5 0
417 : 0 6 1 5 1
418 : 0 6 1 7 0
419 : 0 6 1 7 1
420 : 0 7 0 0 0
421 : 0 7 0 0 1
422 : 0 7 0 1 0
423 : 0 7 0 1 1
424 : 0 7 0 2 0
425 : 0 7 0 2 1
426 : 0 7 0 3 0
427 : 0 7 0 3 1
428 : 0 7 0 4 0
429 : 0 7 0 4 1
430 : 0 7 0 5 0
431 : 0 7 0 5 1
432 : 0 7 0 6 0
433 : 0 7 0 6 1
434 : 0 7 1 0 0
435 : 0 7 1 0 1
436 : 0 7 1 1 0
437 : 0 7 1 1 1
438 : 0 7 1 2 0
439 : 0 7 1 2 1
440 : 0 7 1 3 0
441 : 0 7 1 3 1
442 : 0 7 1 4 0
443 : 0 7 1 4 1
444 : 0 7 1 5 0
445 : 0 7 1 5 1
446 : 0 7 1 6 0
447 : 0 7 1 6 1
448 : 3 0 0 1 0
449 : 3 0 0 1 1
450 : 3 0 0 2 0
451 : 3 0 0 2 1
452 : 3 0 0 3 0
453 : 3 0 0 3 1
454 : 3 0 0 4 0
455 : 3 0 0 4 1
456 : 3 0 0 5 0
457 : 3 0 0 5 1
458 : 3 0 0 6 0
459 : 3 0 0 6 1
460 : 3 0 0 7 0
461 : 3 0 0 7 1
462 : 3 0 1 1 0
463 : 3 0 1 1 1
464 : 3 0 1 2 0
465 : 3 0 1 2 1
466 : 3 0 1 3 0
467 : 3 0 1 3 1
468 : 3 0 1 4 0
469 : 3 0 1 4 1
470 : 3 0 1 5 0
471 : 3 0 1 5 1
472 : 3 0 1 6 0
473 : 3 0 1 6 1
474 : 3 0 1 7 0
475 : 3 0 1 7 1
476 : 3 1 0 0 0
477 : 3 1 0 0 1
478 : 3 1 0 2 0
479 : 3 1 0 2 1
480 : 3 1 0 3 0
481 : 3 1 0 3 1
482 : 3 1 0 4 0
483 : 3 1 0 4 1
484 : 3 1 0 5 0
485 : 3 1 0 5 1
486 : 3 1 0 6 0
487 : 3 1 0 6 1
488 : 3 1 0 7 0
489 : 3 1 0 7 1
490 : 3 1 1 0 0
491 : 3 1 1 0 1
492 : 3 1 1 2 0
493 : 3 1 1 2 1
494 : 3 1 1 3 0
495 : 3 1 1 3 1
496 : 3 1 1 4 0
497 : 3 1 1 4 1
498 : 3 1 1 5 0
499 : 3 1 1 5 1
500 : 3 1 1 6 0
501 : 3 1 1 6 1
502 : 3 1 1 7 0
503 : 3 1 1 7 1
504 : 3 2 0 0 0
505 : 3 2 0 0 1
506 : 3 2 0 1 0
507 : 3 2 0 1 1
508 : 3 2 0 3 0
509 : 3 2 0 3 1
510 : 3 2 0 4 0
511 : 3 2 0 4 1
512 : 3 2 0 5 0
513 : 3 2 0 5 1
514 : 3 2 0 6 0
515 : 3 2 0 6 1
516 : 3 2 0 7 0
517 : 3 2 0 7 1
518 : 3 2 1 0 0
519 : 3 2 1 0 1
520 : 3 2 1 1 0
521 : 3 2 1 1 1
522 : 3 2 1 3 0
523 : 3 2 1 3 1
524 : 3 2 1 4 0
525 : 3 2 1 4 1
526 : 3 2 1 5 0
527 : 3 2 1 5 1
528 : 3 2 1 6 0
529 : 3 2 1 6 1
530 : 3 2 1 7 0
531 : 3 2 1 7 1
532 : 3 3 0 0 0
533 : 3 3 0 0 1
534 : 3 3 0 1 0
535 : 3 3 0 1 1
536 : 3 3 0 2 0
537 : 3 3 0 2 1
538 : 3 3 0 4 0
539 : 3 3 0 4 1
540 : 3 3 0 5 0
541 : 3 3 0 5 1
542 : 3 3 0 6 0
543 : 3 3 0 6 1
544 : 3 3 0 7 0
545 : 3 3 0 7 1
546 : 3 3 1 0 0
547 : 3 3 1 0 1
548 : 3 3 1 1 0
549 : 3 3 1 1 1
550 : 3 3 1 2 0
551 : 3 3 1 2 1
552 : 3 3 1 4 0
553 : 3 3 1 4 1
554 : 3 3 1 5 0
555 : 3 3 1 5 1
556 : 3 3 1 6 0
557 : 3 3 1 6 1
558 : 3 3 1 7 0
559 : 3 3 1 7 1
560 : 3 4 0 0 0
561 : 3 4 0 0 1
562 : 3 4 0 1 0
563 : 3 4 0 1 1
564 : 3 4 0 2 0
565 : 3 4 0 2 1
566 : 3 4 0 3 0
567 : 3 4 0 3 1
568 : 3 4 0 5 0
569 : 3 4 0 5 1
570 : 3 4 0 6 0
571 : 3 4 0 6 1
572 : 3 4 0 7 0
573 : 3 4 0 7 1
574 : 3 4 1 0 0
575 : 3 4 1 0 1
576 : 3 4 1 1 0
577 : 3 4 1 1 1
578 : 3 4 1 2 0
579 : 3 4 1 2 1
580 : 3 4 1 3 0
581 : 3 4 1 3 1
582 : 3 4 1 5 0
583 : 3 4 1 5 1
584 : 3 4 1 6 0
585 : 3 4 1 6 1
586 : 3 4 1 7 0
587 : 3 4 1 7 1
588 : 3 5 0 0 0
589 : 3 5 0 0 1
590 : 3 5 0 1 0
591 : 3 5 0 1 1
592 : 3 5 0 2 0
593 : 3 5 0 2 1
594 : 3 5 0 3 0
595 : 3 5 0 3 1
596 : 3 5 0 4 0
597 : 3 5 0 4 1
598 : 3 5 0 6 0
599 : 3 5 0 6 1
600 : 3 5 0 7 0
601 : 3 5 0 7 1
602 : 3 5 1 0 0
603 : 3 5 1 0 1
604 : 3 5 1 1 0
605 : 3 5 1 1 1
606 : 3 5 1 2 0
607 : 3 5 1 2 1
608 : 3 5 1 3 0
609 : 3 5 1 3 1
610 : 3 5 1 4 0
611 : 3 5 1 4 1
612 : 3 5 1 6 0
613 : 3 5 1 6 1
614 : 3 5 1 7 0
615 : 3 5 1 7 1
616 : 3 6 0 0 0
617 : 3 6 0 0 1
618 : 3 6 0 1 0
619 : 3 6 0 1 1
620 : 3 6 0 2 0
621 : 3 6 0 2 1
622 : 3 6 0 3 0
623 : 3 6 0 3 1
624 : 3 6 0 4 0
625 : 3 6 0 4 1
626 : 3 6 0 5 0
627 : 3 6 0 5 1
628 : 3 6 0 7 0
629 : 3 6 0 7 1
630 : 3 6 1 0 0
631 : 3 6 1 0 1
632 : 3 6 1 1 0
633 : 3 6 1 1 1
634 : 3 6 1 2 0
635 : 3 6 1 2 1
636 : 3 6 1 3 0
637 : 3 6 1 3 1
638 : 3 6 1 4 0
639 : 3 6 1 4 1
640 : 3 6 1 5 0
641 : 3 6 1 5 1
642 : 3 6 1 7 0
643 : 3 6 1 7 1
644 : 3 7 0 0 0
645 : 3 7 0 0 1
646 : 3 7 0 1 0
647 : 3 7 0 1 1
648 : 3 7 0 2 0
649 : 3 7 0 2 1
650 : 3 7 0 3 0
651 : 3 7 0 3 1
652 : 3 7 0 4 0
653 : 3 7 0 4 1
654 : 3 7 0 5 0
655 : 3 7 0 5 1
656 : 3 7 0 6 0
657 : 3 7 0 6 1
658 : 3 7 1 0 0
659 : 3 7 1 0 1
660 : 3 7 1 1 0
661 : 3 7 1 1 1
662 : 3 7 1 2 0
663 : 3 7 1 2 1
664 : 3 7 1 3 0
665 : 3 7 1 3 1
666 : 3 7 1 4 0
667 : 3 7 1 4 1
668 : 3 7 1 5 0
669 : 3 7 1 5 1
670 : 3 7 1 6 0
671 : 3 7 1 6 1

