12 | 0 8
13 | 0 9
14 | 0 10
15 | 0 11
2 | 0 16
3 | 0 17
4 | 0 18
5 | 0 19
16 | 1 8
17 | 1 9
18 | 1 10
19 | 1 11
2 | 1 12
3 | 1 13
4 | 1 14
5 | 1 15
12 | 2 6
16 | 2 7
20 | 2 10
21 | 2 11
0 | 2 13
1 | 2 17
4 | 2 22
5 | 2 23
13 | 3 6
17 | 3 7
22 | 3 10
23 | 3 11
0 | 3 12
1 | 3 16
4 | 3 20
5 | 3 21
14 | 4 6
18 | 4 7
20 | 4 8
22 | 4 9
0 | 4 15
1 | 4 19
2 | 4 21
3 | 4 23
15 | 5 6
19 | 5 7
21 | 5 8
23 | 5 9
0 | 5 14
1 | 5 18
2 | 5 20
3 | 5 22
8 | 6 16
9 | 6 17
10 | 6 18
11 | 6 19
8 | 7 12
9 | 7 13
10 | 7 14
11 | 7 15
6 | 8 13
7 | 8 17
10 | 8 22
11 | 8 23
6 | 9 12
7 | 9 16
10 | 9 20
11 | 9 21
6 | 10 15
7 | 10 19
8 | 10 21
9 | 10 23
6 | 11 14
7 | 11 18
8 | 11 20
9 | 11 22
20 | 12 18
21 | 12 19
14 | 12 22
15 | 12 23
22 | 13 18
23 | 13 19
14 | 13 20
15 | 13 21
20 | 14 16
22 | 14 17
12 | 14 21
13 | 14 23
21 | 15 16
23 | 15 17
12 | 15 20
13 | 15 22
18 | 16 22
19 | 16 23
18 | 17 20
19 | 17 21
16 | 18 21
17 | 18 23
16 | 19 20
17 | 19 22
