term_count 7
class_count 168
statement_count 504

[class_members]
0 : 0 169 193
1 : 1 168 205
2 : 2 171 217
3 : 3 170 229
4 : 4 173 241
5 : 5 172 253
6 : 6 175 265
7 : 7 174 277
8 : 8 177 289
9 : 9 176 301
10 : 10 179 313
11 : 11 178 325
12 : 12 181 192
13 : 13 180 204
14 : 14 183 216
15 : 15 182 228
16 : 16 185 240
17 : 17 184 252
18 : 18 187 264
19 : 19 186 276
20 : 20 189 288
21 : 21 188 300
22 : 22 191 312
23 : 23 190 324
24 : 24 195 219
25 : 25 194 231
26 : 26 197 243
27 : 27 196 255
28 : 28 199 267
29 : 29 198 279
30 : 30 201 291
31 : 31 200 303
32 : 32 203 315
33 : 33 202 327
34 : 34 207 218
35 : 35 206 230
36 : 36 209 242
37 : 37 208 254
38 : 38 211 266
39 : 39 210 278
40 : 40 213 290
41 : 41 212 302
42 : 42 215 314
43 : 43 214 326
44 : 44 221 245
45 : 45 220 257
46 : 46 223 269
47 : 47 222 281
48 : 48 225 293
49 : 49 224 305
50 : 50 227 317
51 : 51 226 329
52 : 52 233 244
53 : 53 232 256
54 : 54 235 268
55 : 55 234 280
56 : 56 237 292
57 : 57 236 304
58 : 58 239 316
59 : 59 238 328
60 : 60 247 271
61 : 61 246 283
62 : 62 249 295
63 : 63 248 307
64 : 64 251 319
65 : 65 250 331
66 : 66 259 270
67 : 67 258 282
68 : 68 261 294
69 : 69 260 306
70 : 70 263 318
71 : 71 262 330
72 : 72 273 297
73 : 73 272 309
74 : 74 275 321
75 : 75 274 333
76 : 76 285 296
77 : 77 284 308
78 : 78 287 320
79 : 79 286 332
80 : 80 299 323
81 : 81 298 335
82 : 82 311 322
83 : 83 310 334
84 : 84 337 361
85 : 85 336 373
86 : 86 339 385
87 : 87 338 397
88 : 88 341 409
89 : 89 340 421
90 : 90 343 433
91 : 91 342 445
92 : 92 345 457
93 : 93 344 469
94 : 94 347 481
95 : 95 346 493
96 : 96 349 360
97 : 97 348 372
98 : 98 351 384
99 : 99 350 396
100 : 100 353 408
101 : 101 352 420
102 : 102 355 432
103 : 103 354 444
104 : 104 357 456
105 : 105 356 468
106 : 106 359 480
107 : 107 358 492
108 : 108 363 387
109 : 109 362 399
110 : 110 365 411
111 : 111 364 423
112 : 112 367 435
113 : 113 366 447
114 : 114 369 459
115 : 115 368 471
116 : 116 371 483
117 : 117 370 495
118 : 118 375 386
119 : 119 374 398
120 : 120 377 410
121 : 121 376 422
122 : 122 379 434
123 : 123 378 446
124 : 124 381 458
125 : 125 380 470
126 : 126 383 482
127 : 127 382 494
128 : 128 389 413
129 : 129 388 425
130 : 130 391 437
131 : 131 390 449
132 : 132 393 461
133 : 133 392 473
134 : 134 395 485
135 : 135 394 497
136 : 136 401 412
137 : 137 400 424
138 : 138 403 436
139 : 139 402 448
140 : 140 405 460
141 : 141 404 472
142 : 142 407 484
143 : 143 406 496
144 : 144 415 439
145 : 145 414 451
146 : 146 417 463
147 : 147 416 475
148 : 148 419 487
149 : 149 418 499
150 : 150 427 438
151 : 151 426 450
152 : 152 429 462
153 : 153 428 474
154 : 154 431 486
155 : 155 430 498
156 : 156 441 465
157 : 157 440 477
158 : 158 443 489
159 : 159 442 501
160 : 160 453 464
161 : 161 452 476
162 : 162 455 488
163 : 163 454 500
164 : 164 467 491
165 : 165 466 503
166 : 166 479 490
167 : 167 478 502

[statements]
0 : 1 0 0 1 0
1 : 1 0 0 1 1
2 : 1 0 0 2 0
3 : 1 0 0 2 1
4 : 1 0 0 3 0
5 : 1 0 0 3 1
6 : 1 0 0 4 0
7 : 1 0 0 4 1
8 : 1 0 0 5 0
9 : 1 0 0 5 1
10 : 1 0 0 6 0
11 : 1 0 0 6 1
12 : 1 0 1 1 0
13 : 1 0 1 1 1
14 : 1 0 1 2 0
15 : 1 0 1 2 1
16 : 1 0 1 3 0
17 : 1 0 1 3 1
18 : 1 0 1 4 0
19 : 1 0 1 4 1
20 : 1 0 1 5 0
21 : 1 0 1 5 1
22 : 1 0 1 6 0
23 : 1 0 1 6 1
24 : 1 1 0 2 0
25 : 1 1 0 2 1
26 : 1 1 0 3 0
27 : 1 1 0 3 1
28 : 1 1 0 4 0
29 : 1 1 0 4 1
30 : 1 1 0 5 0
31 : 1 1 0 5 1
32 : 1 1 0 6 0
33 : 1 1 0 6 1
34 : 1 1 1 2 0
35 : 1 1 1 2 1
36 : 1 1 1 3 0
37 : 1 1 1 3 1
38 : 1 1 1 4 0
39 : 1 1 1 4 1
40 : 1 1 1 5 0
41 : 1 1 1 5 1
42 : 1 1 1 6 0
43 : 1 1 1 6 1
44 : 1 2 0 3 0
45 : 1 2 0 3 1
46 : 1 2 0 4 0
47 : 1 2 0 4 1
48 : 1 2 0 5 0
49 : 1 2 0 5 1
50 : 1 2 0 6 0
51 : 1 2 0 6 1
52 : 1 2 1 3 0
53 : 1 2 1 3 1
54 : 1 2 1 4 0
55 : 1 2 1 4 1
56 : 1 2 1 5 0
57 : 1 2 1 5 1
58 : 1 2 1 6 0
59 : 1 2 1 6 1
60 : 1 3 0 4 0
61 : 1 3 0 4 1
62 : 1 3 0 5 0
63 : 1 3 0 5 1
64 : 1 3 0 6 0
65 : 1 3 0 6 1
66 : 1 3 1 4 0
67 : 1 3 1 4 1
68 : 1 3 1 5 0
69 : 1 3 1 5 1
70 : 1 3 1 6 0
71 : 1 3 1 6 1
72 : 1 4 0 5 0
73 : 1 4 0 5 1
74 : 1 4 0 6 0
75 : 1 4 0 6 1
76 : 1 4 1 5 0
77 : 1 4 1 5 1
78 : 1 4 1 6 0
79 : 1 4 1 6 1
80 : 1 5 0 6 0
81 : 1 5 0 6 1
82 : 1 5 1 6 0
83 : 1 5 1 6 1
84 : 2 0 0 1 0
85 : 2 0 0 1 1
86 : 2 0 0 2 0
87 : 2 0 0 2 1
88 : 2 0 0 3 0
89 : 2 0 0 3 1
90 : 2 0 0 4 0
91 : 2 0 0 4 1
92 : 2 0 0 5 0
93 : 2 0 0 5 1
94 : 2 0 0 6 0
95 : 2 0 0 6 1
96 : 2 0 1 1 0
97 : 2 0 1 1 1
98 : 2 0 1 2 0
99 : 2 0 1 2 1
100 : 2 0 1 3 0
101 : 2 0 1 3 1
102 : 2 0 1 4 0
103 : 2 0 1 4 1
104 : 2 0 1 5 0
105 : 2 0 1 5 1
106 : 2 0 1 6 0
107 : 2 0 1 6 1
108 : 2 1 0 2 0
109 : 2 1 0 2 1
110 : 2 1 0 3 0
111 : 2 1 0 3 1
112 : 2 1 0 4 0
113 : 2 1 0 4 1
114 : 2 1 0 5 0
115 : 2 1 0 5 1
116 : 2 1 0 6 0
117 : 2 1 0 6 1
118 : 2 1 1 2 0
119 : 2 1 1 2 1
120 : 2 1 1 3 0
121 : 2 1 1 3 1
122 : 2 1 1 4 0
123 : 2 1 1 4 1
124 : 2 1 1 5 0
125 : 2 1 1 5 1
126 : 2 1 1 6 0
127 : 2 1 1 6 1
128 : 2 2 0 3 0
129 : 2 2 0 3 1
130 : 2 2 0 4 0
131 : 2 2 0 4 1
132 : 2 2 0 5 0
133 : 2 2 0 5 1
134 : 2 2 0 6 0
135 : 2 2 0 6 1
136 : 2 2 1 3 0
137 : 2 2 1 3 1
138 : 2 2 1 4 0
139 : 2 2 1 4 1
140 : 2 2 1 5 0
141 : 2 2 1 5 1
142 : 2 2 1 6 0
143 : 2 2 1 6 1
144 : 2 3 0 4 0
145 : 2 3 0 4 1
146 : 2 3 0 5 0
147 : 2 3 0 5 1
148 : 2 3 0 6 0
149 : 2 3 0 6 1
150 : 2 3 1 4 0
151 : 2 3 1 4 1
152 : 2 3 1 5 0
153 : 2 3 1 5 1
154 : 2 3 1 6 0
155 : 2 3 1 6 1
156 : 2 4 0 5 0
157 : 2 4 0 5 1
158 : 2 4 0 6 0
159 : 2 4 0 6 1
160 : 2 4 1 5 0
161 : 2 4 1 5 1
162 : 2 4 1 6 0
163 : 2 4 1 6 1
164 : 2 5 0 6 0
165 : 2 5 0 6 1
166 : 2 5 1 6 0
167 : 2 5 1 6 1
168 : 0 0 0 1 0
169 : 0 0 0 1 1
170 : 0 0 0 2 0
171 : 0 0 0 2 1
172 : 0 0 0 3 0
173 : 0 0 0 3 1
174 : 0 0 0 4 0
175 : 0 0 0 4 1
176 : 0 0 0 5 0
177 : 0 0 0 5 1
178 : 0 0 0 6 0
179 : 0 0 0 6 1
180 : 0 0 1 1 0
181 : 0 0 1 1 1
182 : 0 0 1 2 0
183 : 0 0 1 2 1
184 : 0 0 1 3 0
185 : 0 0 1 3 1
186 : 0 0 1 4 0
187 : 0 0 1 4 1
188 : 0 0 1 5 0
189 : 0 0 1 5 1
190 : 0 0 1 6 0
191 : 0 0 1 6 1
192 : 0 1 0 0 0
193 : 0 1 0 0 1
194 : 0 1 0 2 0
195 : 0 1 0 2 1
196 : 0 1 0 3 0
197 : 0 1 0 3 1
198 : 0 1 0 4 0
199 : 0 1 0 4 1
200 : 0 1 0 5 0
201 : 0 1 0 5 1
202 : 0 1 0 6 0
203 : 0 1 0 6 1
204 : 0 1 1 0 0
205 : 0 1 1 0 1
206 : 0 1 1 2 0
207 : 0 1 1 2 1
208 : 0 1 1 3 0
209 : 0 1 1 3 1
210 : 0 1 1 4 0
211 : 0 1 1 4 1
212 : 0 1 1 5 0
213 : 0 1 1 5 1
214 : 0 1 1 6 0
215 : 0 1 1 6 1
216 : 0 2 0 0 0
217 : 0 2 0 0 1
218 : 0 2 0 1 0
219 : 0 2 0 1 1
220 : 0 2 0 3 0
221 : 0 2 0 3 1
222 : 0 2 0 4 0
223 : 0 2 0 4 1
224 : 0 2 0 5 0
225 : 0 2 0 5 1
226 : 0 2 0 6 0
227 : 0 2 0 6 1
228 : 0 2 1 0 0
229 : 0 2 1 0 1
230 : 0 2 1 1 0
231 : 0 2 1 1 1
232 : 0 2 1 3 0
233 : 0 2 1 3 1
234 : 0 2 1 4 0
235 : 0 2 1 4 1
236 : 0 2 1 5 0
237 : 0 2 1 5 1
238 : 0 2 1 6 0
239 : 0 2 1 6 1
240 : 0 3 0 0 0
241 : 0 3 0 0 1
242 : 0 3 0 1 0
243 : 0 3 0 1 1
244 : 0 3 0 2 0
245 : 0 3 0 2 1
246 : 0 3 0 4 0
247 : 0 3 0 4 1
248 : 0 3 0 5 0
249 : 0 3 0 5 1
250 : 0 3 0 6 0
251 : 0 3 0 6 1
252 : 0 3 1 0 0
253 : 0 3 1 0 1
254 : 0 3 1 1 0
255 : 0 3 1 1 1
256 : 0 3 1 2 0
257 : 0 3 1 2 1
258 : 0 3 1 4 0
259 : 0 3 1 4 1
260 : 0 3 1 5 0
261 : 0 3 1 5 1
262 : 0 3 1 6 0
263 : 0 3 1 6 1
264 : 0 4 0 0 0
265 : 0 4 0 0 1
266 : 0 4 0 1 0
267 : 0 4 0 1 1
268 : 0 4 0 2 0
269 : 0 4 0 2 1
270 : 0 4 0 3 0
271 : 0 4 0 3 1
272 : 0 4 0 5 0
273 : 0 4 0 5 1
274 : 0 4 0 6 0
275 : 0 4 0 6 1
276 : 0 4 1 0 0
277 : 0 4 1 0 1
278 : 0 4 1 1 0
279 : 0 4 1 1 1
280 : 0 4 1 2 0
281 : 0 4 1 2 1
282 : 0 4 1 3 0
283 : 0 4 1 3 1
284 : 0 4 1 5 0
285 : 0 4 1 5 1
286 : 0 4 1 6 0
287 : 0 4 1 6 1
288 : 0 5 0 0 0
289 : 0 5 0 0 1
290 : 0 5 0 1 0
291 : 0 5 0 1 1
292 : 0 5 0 2 0
293 : 0 5 0 2 1
294 : 0 5 0 3 0
295 : 0 5 0 3 1
296 : 0 5 0 4 0
297 : 0 5 0 4 1
298 : 0 5 0 6 0
299 : 0 5 0 6 1
300 : 0 5 1 0 0
301 : 0 5 1 0 1
302 : 0 5 1 1 0
303 : 0 5 1 1 1
304 : 0 5 1 2 0
305 : 0 5 1 2 1
306 : 0 5 1 3 0
307 : 0 5 1 3 1
308 : 0 5 1 4 0
309 : 0 5 1 4 1
310 : 0 5 1 6 0
311 : 0 5 1 6 1
312 : 0 6 0 0 0
313 : 0 6 0 0 1
314 : 0 6 0 1 0
315 : 0 6 0 1 1
316 : 0 6 0 2 0
317 : 0 6 0 2 1
318 : 0 6 0 3 0
319 : 0 6 0 3 1
320 : 0 6 0 4 0
321 : 0 6 0 4 1
322 : 0 6 0 5 0
323 : 0 6 0 5 1
324 : 0 6 1 0 0
325 : 0 6 1 0 1
326 : 0 6 1 1 0
327 : 0 6 1 1 1
328 : 0 6 1 2 0
329 : 0 6 1 2 1
330 : 0 6 1 3 0
331 : 0 6 1 3 1
332 : 0 6 1 4 0
333 : 0 6 1 4 1
334 : 0 6 1 5 0
335 : 0 6 1 5 1
336 : 3 0 0 1 0
337 : 3 0 0 1 1
338 : 3 0 0 2 0
339 : 3 0 0 2 1
340 : 3 0 0 3 0
341 : 3 0 0 3 1
342 : 3 0 0 4 0
343 : 3 0 0 4 1
344 : 3 0 0 5 0
345 : 3 0 0 5 1
346 : 3 0 0 6 0
347 : 3 0 0 6 1
348 : 3 0 1 1 0
349 : 3 0 1 1 1
350 : 3 0 1 2 0
351 : 3 0 1 2 1
352 : 3 0 1 3 0
353 : 3 0 1 3 1
354 : 3 0 1 4 0
355 : 3 0 1 4 1
356 : 3 0 1 5 0
357 : 3 0 1 5 1
358 : 3 0 1 6 0
359 : 3 0 1 6 1
360 : 3 1 0 0 0
361 : 3 1 0 0 1
362 : 3 1 0 2 0
363 : 3 1 0 2 1
364 : 3 1 0 3 0
365 : 3 1 0 3 1
366 : 3 1 0 4 0
367 : 3 1 0 4 1
368 : 3 1 0 5 0
369 : 3 1 0 5 1
370 : 3 1 0 6 0
371 : 3 1 0 6 1
372 : 3 1 1 0 0
373 : 3 1 1 0 1
374 : 3 1 1 2 0
375 : 3 1 1 2 1
376 : 3 1 1 3 0
377 : 3 1 1 3 1
378 : 3 1 1 4 0
379 : 3 1 1 4 1
380 : 3 1 1 5 0
381 : 3 1 1 5 1
382 : 3 1 1 6 0
383 : 3 1 1 6 1
384 : 3 2 0 0 0
385 : 3 2 0 0 1
386 : 3 2 0 1 0
387 : 3 2 0 1 1
388 : 3 2 0 3 0
389 : 3 2 0 3 1
390 : 3 2 0 4 0
391 : 3 2 0 4 1
392 : 3 2 0 5 0
393 : 3 2 0 5 1
394 : 3 2 0 6 0
395 : 3 2 0 6 1
396 : 3 2 1 0 0
397 : 3 2 1 0 1
398 : 3 2 1 1 0
399 : 3 2 1 1 1
400 : 3 2 1 3 0
401 : 3 2 1 3 1
402 : 3 2 1 4 0
403 : 3 2 1 4 1
404 : 3 2 1 5 0
405 : 3 2 1 5 1
406 : 3 2 1 6 0
407 : 3 2 1 6 1
408 : 3 3 0 0 0
409 : 3 3 0 0 1
410 : 3 3 0 1 0
411 : 3 3 0 1 1
412 : 3 3 0 2 0
413 : 3 3 0 2 1
414 : 3 3 0 4 0
415 : 3 3 0 4 1
416 : 3 3 0 5 0
417 : 3 3 0 5 1
418 : 3 3 0 6 0
419 : 3 3 0 6 1
420 : 3 3 1 0 0
421 : 3 3 1 0 1
422 : 3 3 1 1 0
423 : 3 3 1 1 1
424 : 3 3 1 2 0
425 : 3 3 1 2 1
426 : 3 3 1 4 0
427 : 3 3 1 4 1
428 : 3 3 1 5 0
429 : 3 3 1 5 1
430 : 3 3 1 6 0
431 : 3 3 1 6 1
432 : 3 4 0 0 0
433 : 3 4 0 0 1
434 : 3 4 0 1 0
435 : 3 4 0 1 1
436 : 3 4 0 2 0
437 : 3 4 0 2 1
438 : 3 4 0 3 0
439 : 3 4 0 3 1
440 : 3 4 0 5 0
441 : 3 4 0 5 1
442 : 3 4 0 6 0
443 : 3 4 0 6 1
444 : 3 4 1 0 0
445 : 3 4 1 0 1
446 : 3 4 1 1 0
447 : 3 4 1 1 1
448 : 3 4 1 2 0
449 : 3 4 1 2 1
450 : 3 4 1 3 0
451 : 3 4 1 3 1
452 : 3 4 1 5 0
453 : 3 4 1 5 1
454 : 3 4 1 6 0
455 : 3 4 1 6 1
456 : 3 5 0 0 0
457 : 3 5 0 0 1
458 : 3 5 0 1 0
459 : 3 5 0 1 1
460 : 3 5 0 2 0
461 : 3 5 0 2 1
462 : 3 5 0 3 0
463 : 3 5 0 3 1
464 : 3 5 0 4 0
465 : 3 5 0 4 1
466 : 3 5 0 6 0
467 : 3 5 0 6 1
468 : 3 5 1 0 0
469 : 3 5 1 0 1
470 : 3 5 1 1 0
471 : 3 5 1 1 1
472 : 3 5 1 2 0
473 : 3 5 1 2 1
474 : 3 5 1 3 0
475 : 3 5 1 3 1
476 : 3 5 1 4 0
477 : 3 5 1 4 1
478 : 3 5 1 6 0
479 : 3 5 1 6 1
480 : 3 6 0 0 0
481 : 3 6 0 0 1
482 : 3 6 0 1 0
483 : 3 6 0 1 1
484 : 3 6 0 2 0
485 : 3 6 0 2 1
486 : 3 6 0 3 0
487 : 3 6 0 3 1
488 : 3 6 0 4 0
489 : 3 6 0 4 1
490 : 3 6 0 5 0
491 : 3 6 0 5 1
492 : 3 6 1 0 0
493 : 3 6 1 0 1
494 : 3 6 1 1 0
495 : 3 6 1 1 1
496 : 3 6 1 2 0
497 : 3 6 1 2 1
498 : 3 6 1 3 0
499 : 3 6 1 3 1
500 : 3 6 1 4 0
501 : 3 6 1 4 1
502 : 3 6 1 5 0
503 : 3 6 1 5 1

