term_count 5
class_count 80
statement_count 240

[class_members]
0 : 0 81 97
1 : 1 80 105
2 : 2 83 113
3 : 3 82 121
4 : 4 85 129
5 : 5 84 137
6 : 6 87 145
7 : 7 86 153
8 : 8 89 96
9 : 9 88 104
10 : 10 91 112
11 : 11 90 120
12 : 12 93 128
13 : 13 92 136
14 : 14 95 144
15 : 15 94 152
16 : 16 99 115
17 : 17 98 123
18 : 18 101 131
19 : 19 100 139
20 : 20 103 147
21 : 21 102 155
22 : 22 107 114
23 : 23 106 122
24 : 24 109 130
25 : 25 108 138
26 : 26 111 146
27 : 27 110 154
28 : 28 117 133
29 : 29 116 141
30 : 30 119 149
31 : 31 118 157
32 : 32 125 132
33 : 33 124 140
34 : 34 127 148
35 : 35 126 156
36 : 36 135 151
37 : 37 134 159
38 : 38 143 150
39 : 39 142 158
40 : 40 161 177
41 : 41 160 185
42 : 42 163 193
43 : 43 162 201
44 : 44 165 209
45 : 45 164 217
46 : 46 167 225
47 : 47 166 233
48 : 48 169 176
49 : 49 168 184
50 : 50 171 192
51 : 51 170 200
52 : 52 173 208
53 : 53 172 216
54 : 54 175 224
55 : 55 174 232
56 : 56 179 195
57 : 57 178 203
58 : 58 181 211
59 : 59 180 219
60 : 60 183 227
61 : 61 182 235
62 : 62 187 194
63 : 63 186 202
64 : 64 189 210
65 : 65 188 218
66 : 66 191 226
67 : 67 190 234
68 : 68 197 213
69 : 69 196 221
70 : 70 199 229
71 : 71 198 237
72 : 72 205 212
73 : 73 204 220
74 : 74 207 228
75 : 75 206 236
76 : 76 215 231
77 : 77 214 239
78 : 78 223 230
79 : 79 222 238

[statements]
0 : 1 0 0 1 0
1 : 1 0 0 1 1
2 : 1 0 0 2 0
3 : 1 0 0 2 1
4 : 1 0 0 3 0
5 : 1 0 0 3 1
6 : 1 0 0 4 0
7 : 1 0 0 4 1
8 : 1 0 1 1 0
9 : 1 0 1 1 1
10 : 1 0 1 2 0
11 : 1 0 1 2 1
12 : 1 0 1 3 0
13 : 1 0 1 3 1
14 : 1 0 1 4 0
15 : 1 0 1 4 1
16 : 1 1 0 2 0
17 : 1 1 0 2 1
18 : 1 1 0 3 0
19 : 1 1 0 3 1
20 : 1 1 0 4 0
21 : 1 1 0 4 1
22 : 1 1 1 2 0
23 : 1 1 1 2 1
24 : 1 1 1 3 0
25 : 1 1 1 3 1
26 : 1 1 1 4 0
27 : 1 1 1 4 1
28 : 1 2 0 3 0
29 : 1 2 0 3 1
30 : 1 2 0 4 0
31 : 1 2 0 4 1
32 : 1 2 1 3 0
33 : 1 2 1 3 1
34 : 1 2 1 4 0
35 : 1 2 1 4 1
36 : 1 3 0 4 0
37 : 1 3 0 4 1
38 : 1 3 1 4 0
39 : 1 3 1 4 1
40 : 2 0 0 1 0
41 : 2 0 0 1 1
42 : 2 0 0 2 0
43 : 2 0 0 2 1
44 : 2 0 0 3 0
45 : 2 0 0 3 1
46 : 2 0 0 4 0
47 : 2 0 0 4 1
48 : 2 0 1 1 0
49 : 2 0 1 1 1
50 : 2 0 1 2 0
51 : 2 0 1 2 1
52 : 2 0 1 3 0
53 : 2 0 1 3 1
54 : 2 0 1 4 0
55 : 2 0 1 4 1
56 : 2 1 0 2 0
57 : 2 1 0 2 1
58 : 2 1 0 3 0
59 : 2 1 0 3 1
60 : 2 1 0 4 0
61 : 2 1 0 4 1
62 : 2 1 1 2 0
63 : 2 1 1 2 1
64 : 2 1 1 3 0
65 : 2 1 1 3 1
66 : 2 1 1 4 0
67 : 2 1 1 4 1
68 : 2 2 0 3 0
69 : 2 2 0 3 1
70 : 2 2 0 4 0
71 : 2 2 0 4 1
72 : 2 2 1 3 0
73 : 2 2 1 3 1
74 : 2 2 1 4 0
75 : 2 2 1 4 1
76 : 2 3 0 4 0
77 : 2 3 0 4 1
78 : 2 3 1 4 0
79 : 2 3 1 4 1
80 : 0 0 0 1 0
81 : 0 0 0 1 1
82 : 0 0 0 2 0
83 : 0 0 0 2 1
84 : 0 0 0 3 0
85 : 0 0 0 3 1
86 : 0 0 0 4 0
87 : 0 0 0 4 1
88 : 0 0 1 1 0
89 : 0 0 1 1 1
90 : 0 0 1 2 0
91 : 0 0 1 2 1
92 : 0 0 1 3 0
93 : 0 0 1 3 1
94 : 0 0 1 4 0
95 : 0 0 1 4 1
96 : 0 1 0 0 0
97 : 0 1 0 0 1
98 : 0 1 0 2 0
99 : 0 1 0 2 1
100 : 0 1 0 3 0
101 : 0 1 0 3 1
102 : 0 1 0 4 0
103 : 0 1 0 4 1
104 : 0 1 1 0 0
105 : 0 1 1 0 1
106 : 0 1 1 2 0
107 : 0 1 1 2 1
108 : 0 1 1 3 0
109 : 0 1 1 3 1
110 : 0 1 1 4 0
111 : 0 1 1 4 1
112 : 0 2 0 0 0
113 : 0 2 0 0 1
114 : 0 2 0 1 0
115 : 0 2 0 1 1
116 : 0 2 0 3 0
117 : 0 2 0 3 1
118 : 0 2 0 4 0
119 : 0 2 0 4 1
120 : 0 2 1 0 0
121 : 0 2 1 0 1
122 : 0 2 1 1 0
123 : 0 2 1 1 1
124 : 0 2 1 3 0
125 : 0 2 1 3 1
126 : 0 2 1 4 0
127 : 0 2 1 4 1
128 : 0 3 0 0 0
129 : 0 3 0 0 1
130 : 0 3 0 1 0
131 : 0 3 0 1 1
132 : 0 3 0 2 0
133 : 0 3 0 2 1
134 : 0 3 0 4 0
135 : 0 3 0 4 1
136 : 0 3 1 0 0
137 : 0 3 1 0 1
138 : 0 3 1 1 0
139 : 0 3 1 1 1
140 : 0 3 1 2 0
141 : 0 3 1 2 1
142 : 0 3 1 4 0
143 : 0 3 1 4 1
144 : 0 4 0 0 0
145 : 0 4 0 0 1
146 : 0 4 0 1 0
147 : 0 4 0 1 1
148 : 0 4 0 2 0
149 : 0 4 0 2 1
150 : 0 4 0 3 0
151 : 0 4 0 3 1
152 : 0 4 1 0 0
153 : 0 4 1 0 1
154 : 0 4 1 1 0
155 : 0 4 1 1 1
156 : 0 4 1 2 0
157 : 0 4 1 2 1
158 : 0 4 1 3 0
159 : 0 4 1 3 1
160 : 3 0 0 1 0
161 : 3 0 0 1 1
162 : 3 0 0 2 0
163 : 3 0 0 2 1
164 : 3 0 0 3 0
165 : 3 0 0 3 1
166 : 3 0 0 4 0
167 : 3 0 0 4 1
168 : 3 0 1 1 0
169 : 3 0 1 1 1
170 : 3 0 1 2 0
171 : 3 0 1 2 1
172 : 3 0 1 3 0
173 : 3 0 1 3 1
174 : 3 0 1 4 0
175 : 3 0 1 4 1
176 : 3 1 0 0 0
177 : 3 1 0 0 1
178 : 3 1 0 2 0
179 : 3 1 0 2 1
180 : 3 1 0 3 0
181 : 3 1 0 3 1
182 : 3 1 0 4 0
183 : 3 1 0 4 1
184 : 3 1 1 0 0
185 : 3 1 1 0 1
186 : 3 1 1 2 0
187 : 3 1 1 2 1
188 : 3 1 1 3 0
189 : 3 1 1 3 1
190 : 3 1 1 4 0
191 : 3 1 1 4 1
192 : 3 2 0 0 0
193 : 3 2 0 0 1
194 : 3 2 0 1 0
195 : 3 2 0 1 1
196 : 3 2 0 3 0
197 : 3 2 0 3 1
198 : 3 2 0 4 0
199 : 3 2 0 4 1
200 : 3 2 1 0 0
201 : 3 2 1 0 1
202 : 3 2 1 1 0
203 : 3 2 1 1 1
204 : 3 2 1 3 0
205 : 3 2 1 3 1
206 : 3 2 1 4 0
207 : 3 2 1 4 1
208 : 3 3 0 0 0
209 : 3 3 0 0 1
210 : 3 3 0 1 0
211 : 3 3 0 1 1
212 : 3 3 0 2 0
213 : 3 3 0 2 1
214 : 3 3 0 4 0
215 : 3 3 0 4 1
216 : 3 3 1 0 0
217 : 3 3 1 0 1
218 : 3 3 1 1 0
219 : 3 3 1 1 1
220 : 3 3 1 2 0
221 : 3 3 1 2 1
222 : 3 3 1 4 0
223 : 3 3 1 4 1
224 : 3 4 0 0 0
225 : 3 4 0 0 1
226 : 3 4 0 1 0
227 : 3 4 0 1 1
228 : 3 4 0 2 0
229 : 3 4 0 2 1
230 : 3 4 0 3 0
231 : 3 4 0 3 1
232 : 3 4 1 0 0
233 : 3 4 1 0 1
234 : 3 4 1 1 0
235 : 3 4 1 1 1
236 : 3 4 1 2 0
237 : 3 4 1 2 1
238 : 3 4 1 3 0
239 : 3 4 1 3 1

