term_count 6
class_count 120
statement_count 360

[class_members]
0 : 0 121 141
1 : 1 120 151
2 : 2 123 161
3 : 3 122 171
4 : 4 125 181
5 : 5 124 191
6 : 6 127 201
7 : 7 126 211
8 : 8 129 221
9 : 9 128 231
10 : 10 131 140
11 : 11 130 150
12 : 12 133 160
13 : 13 132 170
14 : 14 135 180
15 : 15 134 190
16 : 16 137 200
17 : 17 136 210
18 : 18 139 220
19 : 19 138 230
20 : 20 143 163
21 : 21 142 173
22 : 22 145 183
23 : 23 144 193
24 : 24 147 203
25 : 25 146 213
26 : 26 149 223
27 : 27 148 233
28 : 28 153 162
29 : 29 152 172
30 : 30 155 182
31 : 31 154 192
32 : 32 157 202
33 : 33 156 212
34 : 34 159 222
35 : 35 158 232
36 : 36 165 185
37 : 37 164 195
38 : 38 167 205
39 : 39 166 215
40 : 40 169 225
41 : 41 168 235
42 : 42 175 184
43 : 43 174 194
44 : 44 177 204
45 : 45 176 214
46 : 46 179 224
47 : 47 178 234
48 : 48 187 207
49 : 49 186 217
50 : 50 189 227
51 : 51 188 237
52 : 52 197 206
53 : 53 196 216
54 : 54 199 226
55 : 55 198 236
56 : 56 209 229
57 : 57 208 239
58 : 58 219 228
59 : 59 218 238
60 : 60 241 261
61 : 61 240 271
62 : 62 243 281
63 : 63 242 291
64 : 64 245 301
65 : 65 244 311
66 : 66 247 321
67 : 67 246 331
68 : 68 249 341
69 : 69 248 351
70 : 70 251 260
71 : 71 250 270
72 : 72 253 280
73 : 73 252 290
74 : 74 255 300
75 : 75 254 310
76 : 76 257 320
77 : 77 256 330
78 : 78 259 340
79 : 79 258 350
80 : 80 263 283
81 : 81 262 293
82 : 82 265 303
83 : 83 264 313
84 : 84 267 323
85 : 85 266 333
86 : 86 269 343
87 : 87 268 353
88 : 88 273 282
89 : 89 272 292
90 : 90 275 302
91 : 91 274 312
92 : 92 277 322
93 : 93 276 332
94 : 94 279 342
95 : 95 278 352
96 : 96 285 305
97 : 97 284 315
98 : 98 287 325
99 : 99 286 335
100 : 100 289 345
101 : 101 288 355
102 : 102 295 304
103 : 103 294 314
104 : 104 297 324
105 : 105 296 334
106 : 106 299 344
107 : 107 298 354
108 : 108 307 327
109 : 109 306 337
110 : 110 309 347
111 : 111 308 357
112 : 112 317 326
113 : 113 316 336
114 : 114 319 346
115 : 115 318 356
116 : 116 329 349
117 : 117 328 359
118 : 118 339 348
119 : 119 338 358

[statements]
0 : 1 0 0 1 0
1 : 1 0 0 1 1
2 : 1 0 0 2 0
3 : 1 0 0 2 1
4 : 1 0 0 3 0
5 : 1 0 0 3 1
6 : 1 0 0 4 0
7 : 1 0 0 4 1
8 : 1 0 0 5 0
9 : 1 0 0 5 1
10 : 1 0 1 1 0
11 : 1 0 1 1 1
12 : 1 0 1 2 0
13 : 1 0 1 2 1
14 : 1 0 1 3 0
15 : 1 0 1 3 1
16 : 1 0 1 4 0
17 : 1 0 1 4 1
18 : 1 0 1 5 0
19 : 1 0 1 5 1
20 : 1 1 0 2 0
21 : 1 1 0 2 1
22 : 1 1 0 3 0
23 : 1 1 0 3 1
24 : 1 1 0 4 0
25 : 1 1 0 4 1
26 : 1 1 0 5 0
27 : 1 1 0 5 1
28 : 1 1 1 2 0
29 : 1 1 1 2 1
30 : 1 1 1 3 0
31 : 1 1 1 3 1
32 : 1 1 1 4 0
33 : 1 1 1 4 1
34 : 1 1 1 5 0
35 : 1 1 1 5 1
36 : 1 2 0 3 0
37 : 1 2 0 3 1
38 : 1 2 0 4 0
39 : 1 2 0 4 1
40 : 1 2 0 5 0
41 : 1 2 0 5 1
42 : 1 2 1 3 0
43 : 1 2 1 3 1
44 : 1 2 1 4 0
45 : 1 2 1 4 1
46 : 1 2 1 5 0
47 : 1 2 1 5 1
48 : 1 3 0 4 0
49 : 1 3 0 4 1
50 : 1 3 0 5 0
51 : 1 3 0 5 1
52 : 1 3 1 4 0
53 : 1 3 1 4 1
54 : 1 3 1 5 0
55 : 1 3 1 5 1
56 : 1 4 0 5 0
57 : 1 4 0 5 1
58 : 1 4 1 5 0
59 : 1 4 1 5 1
60 : 2 0 0 1 0
61 : 2 0 0 1 1
62 : 2 0 0 2 0
63 : 2 0 0 2 1
64 : 2 0 0 3 0
65 : 2 0 0 3 1
66 : 2 0 0 4 0
67 : 2 0 0 4 1
68 : 2 0 0 5 0
69 : 2 0 0 5 1
70 : 2 0 1 1 0
71 : 2 0 1 1 1
72 : 2 0 1 2 0
73 : 2 0 1 2 1
74 : 2 0 1 3 0
75 : 2 0 1 3 1
76 : 2 0 1 4 0
77 : 2 0 1 4 1
78 : 2 0 1 5 0
79 : 2 0 1 5 1
80 : 2 1 0 2 0
81 : 2 1 0 2 1
82 : 2 1 0 3 0
83 : 2 1 0 3 1
84 : 2 1 0 4 0
85 : 2 1 0 4 1
86 : 2 1 0 5 0
87 : 2 1 0 5 1
88 : 2 1 1 2 0
89 : 2 1 1 2 1
90 : 2 1 1 3 0
91 : 2 1 1 3 1
92 : 2 1 1 4 0
93 : 2 1 1 4 1
94 : 2 1 1 5 0
95 : 2 1 1 5 1
96 : 2 2 0 3 0
97 : 2 2 0 3 1
98 : 2 2 0 4 0
99 : 2 2 0 4 1
100 : 2 2 0 5 0
101 : 2 2 0 5 1
102 : 2 2 1 3 0
103 : 2 2 1 3 1
104 : 2 2 1 4 0
105 : 2 2 1 4 1
106 : 2 2 1 5 0
107 : 2 2 1 5 1
108 : 2 3 0 4 0
109 : 2 3 0 4 1
110 : 2 3 0 5 0
111 : 2 3 0 5 1
112 : 2 3 1 4 0
113 : 2 3 1 4 1
114 : 2 3 1 5 0
115 : 2 3 1 5 1
116 : 2 4 0 5 0
117 : 2 4 0 5 1
118 : 2 4 1 5 0
119 : 2 4 1 5 1
120 : 0 0 0 1 0
121 : 0 0 0 1 1
122 : 0 0 0 2 0
123 : 0 0 0 2 1
124 : 0 0 0 3 0
125 : 0 0 0 3 1
126 : 0 0 0 4 0
127 : 0 0 0 4 1
128 : 0 0 0 5 0
129 : 0 0 0 5 1
130 : 0 0 1 1 0
131 : 0 0 1 1 1
132 : 0 0 1 2 0
133 : 0 0 1 2 1
134 : 0 0 1 3 0
135 : 0 0 1 3 1
136 : 0 0 1 4 0
137 : 0 0 1 4 1
138 : 0 0 1 5 0
139 : 0 0 1 5 1
140 : 0 1 0 0 0
141 : 0 1 0 0 1
142 : 0 1 0 2 0
143 : 0 1 0 2 1
144 : 0 1 0 3 0
145 : 0 1 0 3 1
146 : 0 1 0 4 0
147 : 0 1 0 4 1
148 : 0 1 0 5 0
149 : 0 1 0 5 1
150 : 0 1 1 0 0
151 : 0 1 1 0 1
152 : 0 1 1 2 0
153 : 0 1 1 2 1
154 : 0 1 1 3 0
155 : 0 1 1 3 1
156 : 0 1 1 4 0
157 : 0 1 1 4 1
158 : 0 1 1 5 0
159 : 0 1 1 5 1
160 : 0 2 0 0 0
161 : 0 2 0 0 1
162 : 0 2 0 1 0
163 : 0 2 0 1 1
164 : 0 2 0 3 0
165 : 0 2 0 3 1
166 : 0 2 0 4 0
167 : 0 2 0 4 1
168 : 0 2 0 5 0
169 : 0 2 0 5 1
170 : 0 2 1 0 0
171 : 0 2 1 0 1
172 : 0 2 1 1 0
173 : 0 2 1 1 1
174 : 0 2 1 3 0
175 : 0 2 1 3 1
176 : 0 2 1 4 0
177 : 0 2 1 4 1
178 : 0 2 1 5 0
179 : 0 2 1 5 1
180 : 0 3 0 0 0
181 : 0 3 0 0 1
182 : 0 3 0 1 0
183 : 0 3 0 1 1
184 : 0 3 0 2 0
185 : 0 3 0 2 1
186 : 0 3 0 4 0
187 : 0 3 0 4 1
188 : 0 3 0 5 0
189 : 0 3 0 5 1
190 : 0 3 1 0 0
191 : 0 3 1 0 1
192 : 0 3 1 1 0
193 : 0 3 1 1 1
194 : 0 3 1 2 0
195 : 0 3 1 2 1
196 : 0 3 1 4 0
197 : 0 3 1 4 1
198 : 0 3 1 5 0
199 : 0 3 1 5 1
200 : 0 4 0 0 0
201 : 0 4 0 0 1
202 : 0 4 0 1 0
203 : 0 4 0 1 1
204 : 0 4 0 2 0
205 : 0 4 0 2 1
206 : 0 4 0 3 0
207 : 0 4 0 3 1
208 : 0 4 0 5 0
209 : 0 4 0 5 1
210 : 0 4 1 0 0
211 : 0 4 1 0 1
212 : 0 4 1 1 0
213 : 0 4 1 1 1
214 : 0 4 1 2 0
215 : 0 4 1 2 1
216 : 0 4 1 3 0
217 : 0 4 1 3 1
218 : 0 4 1 5 0
219 : 0 4 1 5 1
220 : 0 5 0 0 0
221 : 0 5 0 0 1
222 : 0 5 0 1 0
223 : 0 5 0 1 1
224 : 0 5 0 2 0
225 : 0 5 0 2 1
226 : 0 5 0 3 0
227 : 0 5 0 3 1
228 : 0 5 0 4 0
229 : 0 5 0 4 1
230 : 0 5 1 0 0
231 : 0 5 1 0 1
232 : 0 5 1 1 0
233 : 0 5 1 1 1
234 : 0 5 1 2 0
235 : 0 5 1 2 1
236 : 0 5 1 3 0
237 : 0 5 1 3 1
238 : 0 5 1 4 0
239 : 0 5 1 4 1
240 : 3 0 0 1 0
241 : 3 0 0 1 1
242 : 3 0 0 2 0
243 : 3 0 0 2 1
244 : 3 0 0 3 0
245 : 3 0 0 3 1
246 : 3 0 0 4 0
247 : 3 0 0 4 1
248 : 3 0 0 5 0
249 : 3 0 0 5 1
250 : 3 0 1 1 0
251 : 3 0 1 1 1
252 : 3 0 1 2 0
253 : 3 0 1 2 1
254 : 3 0 1 3 0
255 : 3 0 1 3 1
256 : 3 0 1 4 0
257 : 3 0 1 4 1
258 : 3 0 1 5 0
259 : 3 0 1 5 1
260 : 3 1 0 0 0
261 : 3 1 0 0 1
262 : 3 1 0 2 0
263 : 3 1 0 2 1
264 : 3 1 0 3 0
265 : 3 1 0 3 1
266 : 3 1 0 4 0
267 : 3 1 0 4 1
268 : 3 1 0 5 0
269 : 3 1 0 5 1
270 : 3 1 1 0 0
271 : 3 1 1 0 1
272 : 3 1 1 2 0
273 : 3 1 1 2 1
274 : 3 1 1 3 0
275 : 3 1 1 3 1
276 : 3 1 1 4 0
277 : 3 1 1 4 1
278 : 3 1 1 5 0
279 : 3 1 1 5 1
280 : 3 2 0 0 0
281 : 3 2 0 0 1
282 : 3 2 0 1 0
283 : 3 2 0 1 1
284 : 3 2 0 3 0
285 : 3 2 0 3 1
286 : 3 2 0 4 0
287 : 3 2 0 4 1
288 : 3 2 0 5 0
289 : 3 2 0 5 1
290 : 3 2 1 0 0
291 : 3 2 1 0 1
292 : 3 2 1 1 0
293 : 3 2 1 1 1
294 : 3 2 1 3 0
295 : 3 2 1 3 1
296 : 3 2 1 4 0
297 : 3 2 1 4 1
298 : 3 2 1 5 0
299 : 3 2 1 5 1
300 : 3 3 0 0 0
301 : 3 3 0 0 1
302 : 3 3 0 1 0
303 : 3 3 0 1 1
304 : 3 3 0 2 0
305 : 3 3 0 2 1
306 : 3 3 0 4 0
307 : 3 3 0 4 1
308 : 3 3 0 5 0
309 : 3 3 0 5 1
310 : 3 3 1 0 0
311 : 3 3 1 0 1
312 : 3 3 1 1 0
313 : 3 3 1 1 1
314 : 3 3 1 2 0
315 : 3 3 1 2 1
316 : 3 3 1 4 0
317 : 3 3 1 4 1
318 : 3 3 1 5 0
319 : 3 3 1 5 1
320 : 3 4 0 0 0
321 : 3 4 0 0 1
322 : 3 4 0 1 0
323 : 3 4 0 1 1
324 : 3 4 0 2 0
325 : 3 4 0 2 1
326 : 3 4 0 3 0
327 : 3 4 0 3 1
328 : 3 4 0 5 0
329 : 3 4 0 5 1
330 : 3 4 1 0 0
331 : 3 4 1 0 1
332 : 3 4 1 1 0
333 : 3 4 1 1 1
334 : 3 4 1 2 0
335 : 3 4 1 2 1
336 : 3 4 1 3 0
337 : 3 4 1 3 1
338 : 3 4 1 5 0
339 : 3 4 1 5 1
340 : 3 5 0 0 0
341 : 3 5 0 0 1
342 : 3 5 0 1 0
343 : 3 5 0 1 1
344 : 3 5 0 2 0
345 : 3 5 0 2 1
346 : 3 5 0 3 0
347 : 3 5 0 3 1
348 : 3 5 0 4 0
349 : 3 5 0 4 1
350 : 3 5 1 0 0
351 : 3 5 1 0 1
352 : 3 5 1 1 0
353 : 3 5 1 1 1
354 : 3 5 1 2 0
355 : 3 5 1 2 1
356 : 3 5 1 3 0
357 : 3 5 1 3 1
358 : 3 5 1 4 0
359 : 3 5 1 4 1

